-0.0992003
-0.6012986
0.7998003
-0.79440959
0.7979992
-0.81954047
0.80519638
-0.71911745
0.77643646
-1.12040796
0.89136113
0.21630258
-1.03118546
0.86580891
0.12661612
-1.18178968
0.92907773
0.14120794
0.02081618
-0.90981688
0.86850842
0.16428271
-1.27861667
0.95064144
0.09827408
0.19644987
-0.75306859
0.78615965
-0.98473917
0.85250726
-0.05898332
-0.7046817
0.82282409
-0.47315607
0.36000433
-0.71964865
0.82615727
-0.42664761
0.24044819
-0.48065595
0.77293276
-1.16929559
0.90536195
0.18842662
-0.64067082
0.75397031
-1.43388077
0.9811359
0.03755888
0.07508021
0.15008534
-0.10354729
-0.59012409
0.79731169
-0.82913333
0.80794365
-0.68078435
0.76545833
-1.27358705
0.93522975
0.12895913
0.19240999
-1.35092157
0.966744
0.0662135
0.13236077
0.14475633
-1.22842149
0.9394628
0.12053102
0.24094152
-1.37635261
0.96466054
0.07036172
0.14065307
0.02858942
-0.92979905
0.87295852
0.22637549
-1.4382344
0.98618888
0.02749827
0.05496905
0.10988314
0.21965638
-1.07816887
0.87926438
0.24038751
-1.36859162
0.96243789
0.07478707
0.14949935
-0.09533819
-0.61122667
0.80201132
-0.76355903
0.78916398
-0.94281936
0.84050194
-0.22649489
-0.27407096
0.54786785
-1.09518784
0.90979119
0.1796079
-0.51712926
0.47304327
-0.9456135
0.87648045
0.24593038
-1.44624161
0.98467589
0.03051067
0.06099082
0.12192066
0.2437194
-1.41526799
0.97580542
0.04817197
0.09629578
0.19249525
-0.69766828
0.77029368
-1.20611885
0.91590768
0.16742982
-0.34652641
0.034486
-0.06893752
0.13780611
-0.27547441
0.55067334
-1.100796
0.91104015
0.17712119
-0.48229299
0.38349202
-0.76660054
0.83661363
-0.28074896
-0.13460366
0.26907273
-0.53787638
0.78567595
-0.99148834
0.85444014
-0.03201362
-0.77401088
0.83826394
-0.25772201
-0.19379752
0.38740125
-0.7744151
0.83835396
-0.2564659
-0.1970265
0.39385598
-0.78731811
0.8412275
-0.21637098
-0.3000958
0.59989149
-1.19918308
0.9329513
0.13349557
0.12885895
-1.18755518
0.93036173
0.13865148
0.05662978
-1.00188052
0.88901132
0.22098112
-1.09672721
0.88457926
0.22980546
-1.22034751
0.9199826
0.15931657
-0.23286775
-0.25768868
0.51511968
-1.02972425
0.89521222
0.20863499
-0.92377013
0.83504648
-0.30261565
-0.07839244
0.1567065
-0.31325628
0.62619931
-1.25177243
0.94466314
0.11017703
0.22024388
-1.08639918
0.88162144
0.23569455
-1.30284787
0.94360969
0.11227447
0.22443666
-1.14513592
0.89844292
0.20220258
-0.83365841
0.80923958
-0.66270216
0.76027982
-1.34584351
0.95592311
0.08775815
0.17542854
-0.45858056
0.32253605
-0.64474956
0.80947698
-0.65938969
0.75933116
-1.35908013
0.95971391
0.08021056
0.16034092
-0.24721778
-0.22080005
0.44137928
-0.88231718
0.86238414
0.07882993
-1.05894893
0.90172065
0.19567653
-0.74223487
0.78305701
-1.02803071
0.86490543
0.11400971
-1.14938324
0.9218607
0.15557722
-0.1804832
-0.39235011
0.75326673
-1.44369791
0.9839474
0.0319611
0.06389024
0.1277166
0.20981674
-1.39566794
0.97670917
0.04637259
0.0926988
0.1853049
-0.59693859
0.67820375
-1.35572928
0.96781469
0.06408171
0.12809935
0.20445471
-1.38188411
0.97363947
0.05248445
0.10491643
0.20972793
-0.93908109
0.83943135
-0.24143305
-0.23567044
0.47110521
-0.94173932
0.87561766
0.24764822
-1.47030691
0.9915679
0.01678852
0.03356025
0.06708694
0.13410681
0.12029618
-1.16554344
0.92545963
0.14841166
-0.08010072
-0.65039662
0.81073461
-0.64184199
0.75430572
-1.42920078
0.9797956
0.04022743
0.08041464
0.16074886
-0.2529328
-0.2061088
0.4120115
-0.82361099
0.84931006
-0.1035942
-0.5900035
0.79728484
-0.82950807
0.80805098
-0.67928694
0.76502949
-1.27957071
0.93694339
0.12554722
0.24020749
-1.47379138
0.99410754
0.01173202
0.02345231
0.04688117
0.09371546
0.1873372
-0.6254091
0.74959954
-1.49486663
0.9986015
0.00278445
0.00556611
0.01112666
0.02224219
0.04446215
0.08887983
0.17767079
-0.48999215
0.40328371
-0.80616413
0.84542458
-0.15780872
-0.45063788
0.76624762
-1.26257398
0.93207573
0.13523883
0.10443761
-1.12477687
0.91638077
0.16648789
-0.33333083
0.00056501
-0.00112945
0.00225778
-0.0045133
0.00902209
-0.01803515
0.03605227
-0.07206849
0.14406492
-0.28798577
0.57568355
-1.15079143
0.92217431
0.15495282
-0.17173594
-0.41483611
0.75827444
-1.3738247
0.96393658
0.07180314
0.14353448
-0.01177625
-0.82603374
0.84984961
-0.09606569
-0.60935652
0.80159483
-0.76937037
0.79082828
-0.91959723
0.83385141
-0.31929058
-0.03552733
0.07101913
-0.14196723
0.2837925
-0.56730121
0.79222896
-0.90005339
0.82825429
-0.39738775
0.16523183
-0.33029843
0.66026655
-1.31987283
0.95982934
0.07998076
0.15988153
-0.24078233
-0.2373432
0.47444906
-0.94842367
0.87710629
0.24468433
-1.4287857
0.97967673
0.04046412
0.08088777
0.16169465
-0.26618232
-0.17204915
0.34392624
-0.68750855
0.81899956
-0.52652004
0.49718351
-0.99386983
0.88722731
0.22453313
-1.1464873
0.89882993
0.20143202
-0.82286357
0.80614807
-0.70583832
0.77263348
-1.17347134
0.90655783
0.18604559
-0.60731489
0.7048774
-1.40904992
0.97968939
0.04043891
0.08083739
0.16159393
-0.26477136
-0.1756762
0.35117672
-0.70200226
0.82222736
-0.48148217
0.38140768
-0.76243395
0.83568572
-0.29369623
-0.101321
0.20254068
-0.40487882
0.75605691
-1.40476608
0.9727978
0.05416021
0.10826626
0.21642426
-1.03289002
0.86629707
0.13342755
-1.19929937
0.93297719
0.13344401
0.12958131
-1.18941209
0.93077526
0.13782811
0.06816439
-1.03153175
0.89561475
0.20783353
-0.9125424
0.83183099
-0.34748166
0.0369416
-0.07384626
0.14761867
-0.29508972
0.58988435
-1.17917882
0.92849628
0.14236562
0.00459832
-0.86812675
0.85922388
0.03473447
-0.94559571
0.87647649
0.24593827
-1.44635215
0.98470755
0.03044764
0.06086483
0.1216688
0.24321592
-1.40821483
0.97378549
0.05219372
0.10433525
0.20856616
-0.92280587
0.83477032
-0.30646882
-0.06848736
0.13690623
-0.27367555
0.54707743
-1.09360779
0.90943931
0.1803085
-0.52694405
0.4982735
-0.99604872
0.88771255
0.223567
-1.1329527
0.89495379
0.20914952
-0.93097806
0.83711074
-0.27381277
-0.15243407
0.3047157
-0.60912668
0.80154364
-0.77008456
0.79103282
-0.91674333
0.83303408
-0.33069475
-0.00621138
0.01241655
-0.02482068
0.04961654
-0.09918347
0.19826776
-0.39633725
0.75415468
-1.43130823
0.98039915
0.03902576
0.07801249
0.15594696
-0.18566287
-0.37903509
0.75030143
-1.48507313
0.99579676
0.00836875
0.01672914
0.03344155
0.06684966
0.13363247
0.1269411
-1.1826251
0.92926378
0.14083751
0.02600561
-0.92315701
0.87147931
0.20573597
-1.38517776
0.97437298
0.05102402
0.10199702
0.20389205
-0.85732612
0.81601772
-0.56812596
0.60413706
-1.20766998
0.93484136
0.1297324
0.18157717
-1.32307435
0.96054233
0.07856117
0.1570438
-0.20102839
-0.33953599
0.67873245
-1.35678618
0.96805007
0.06361308
0.12716254
0.21757845
-1.41562042
0.98115266
0.0375255
0.07501346
0.14995193
-0.10167828
-0.59492863
0.79838168
-0.81420368
0.80366799
-0.74044329
0.78254392
-1.03518989
0.86695573
0.14261782
-1.22292418
0.93823853
0.12296857
0.24581419
-1.44461386
0.98420973
0.03143882
0.06284621
0.12562957
0.23905379
-1.47082564
0.99344707
0.01304706
0.02608107
0.05213605
0.10421996
0.2083357
-0.91957739
0.83384573
-0.31936981
-0.03532365
0.07061198
-0.14115335
0.28216556
-0.56404895
0.79150467
-0.91015948
0.83114855
-0.35700379
0.06141949
-0.12277755
0.24543233
-0.49061922
0.77515161
-1.13833562
0.89649539
0.20608015
-0.88797923
0.8247964
-0.44563612
0.28926067
-0.57823208
0.7946633
-0.8660867
0.81852665
-0.5331187
0.51414625
-1.02777836
0.89477886
0.20949781
-0.93585735
0.8385081
-0.25431508
-0.20255546
0.40490837
-0.80941184
0.84614786
-0.14771673
-0.47658069
0.77202518
-1.1819591
0.90898863
0.18120582
-0.53951462
0.53058781
-1.06064503
0.90209838
0.19492446
-0.73169912
0.7800397
-1.07013158
0.87696259
0.24497042
-1.43279354
0.98082453
0.03817882
0.07631947
0.15256262
-0.13825157
-0.50091212
0.77744387
-1.10635138
0.8873355
0.22431771
-1.14346949
0.89796567
0.20315279
-0.84696981
0.81305181
-0.60950982
0.71051976
-1.42032901
0.98220129
0.03543767
0.07083991
0.14160898
0.01519812
-0.89537493
0.86529214
0.1194057
-1.16325433
0.92494983
0.14942667
-0.09431999
-0.61384408
0.80259422
-0.75542566
0.78683469
-0.97532031
0.84980981
-0.09662106
-0.60792888
0.80127689
-0.77380661
0.79209876
-0.90187003
0.82877455
-0.39012842
0.14657076
-0.29299495
0.5856969
-1.1708081
0.92663209
0.14607727
-0.04739819
-0.7344628
0.82945644
-0.38061405
0.1221128
-0.24410349
0.48796289
-0.97543782
0.88312243
0.23270604
-1.26098163
0.93161971
0.1361468
0.09171778
-1.09207886
0.90909881
0.18098645
-0.53644137
0.52268761
-1.04485253
0.89858134
0.20192699
-0.82979763
0.8081339
-0.67812983
0.76469811
-1.2841945
0.93826759
0.12291071
0.24569852
-1.44299349
0.98374567
0.03236277
0.06469316
0.12932165
0.18733155
-1.33786677
0.96383665
0.07200209
0.14393219
-0.01734772
-0.81171153
0.84666001
-0.14057067
-0.49495059
0.77611622
-1.12487629
0.89264081
0.21375472
-0.99549248
0.85558688
-0.01601304
-0.81514251
0.8474241
-0.12990923
-0.52235722
0.78221977
-1.03971269
0.868251
0.16069098
-1.26938364
0.94858522
0.10236807
0.20463378
-0.86771712
0.81899358
-0.52660351
0.49739809
-0.99429877
0.88732283
0.22434293
-1.14382285
0.89806688
0.2029513
-0.84414722
0.81224345
-0.62078889
0.73951412
-1.47828874
0.99510913
0.00973786
0.01946598
0.03891249
0.07778607
0.15549434
-0.17932218
-0.39533466
0.7539314
-1.43442367
0.98129137
0.03724932
0.07446138
0.14884831
-0.08621773
-0.63467202
0.80723268
-0.69070474
0.76829941
-1.23394515
0.92387679
0.15156313
-0.12424975
-0.53690565
0.78545976
-0.9945048
0.85530402
-0.01995985
-0.8049967
0.84516459
-0.1614364
-0.44131245
0.76417082
-1.29155192
0.94037466
0.11871547
0.23731224
-1.32550994
0.95009982
0.09935244
0.19860555
-0.78326741
0.79480822
-0.86406467
0.81794756
-0.5411987
0.53491696
-1.06929899
0.90402565
0.19108722
-0.67794327
0.76464468
-1.28494
0.93848109
0.12248562
0.24484876
-1.43108918
0.98033642
0.03915066
0.07826216
0.15644608
-0.19265491
-0.36106113
0.72176121
-1.44280066
0.9872058
0.02547356
0.05092165
0.10179236
0.20348293
-0.85159481
0.81437635
-0.59102832
0.66301061
-1.3253582
0.96105094
0.0775485
0.15501945
-0.17266928
-0.41243684
0.75774012
-1.38128026
0.96607176
0.06755195
0.13503634
0.10727421
-1.13206873
0.91800469
0.16325462
-0.28803586
-0.11587173
0.23162758
-0.46302354
0.76900596
-1.22408669
0.92105345
0.15718447
-0.20299921
-0.33446971
0.66860494
-1.33654127
0.96354145
0.07258984
0.14510707
-0.03380676
-0.76940136
0.83723738
-0.27204566
-0.15697666
0.31379635
-0.6272789
0.8055862
-0.71367819
0.77487872
-1.14214322
0.89758585
0.20390903
-0.85756409
0.81608588
-0.56717506
0.60169263
-1.20278356
0.93375314
0.13189909
0.15122408
-1.24504772
0.94316552
0.11315881
0.22620447
-1.16990115
0.90553537
0.18808133
-0.63583354
0.75258497
-1.45321053
0.9866717
0.02653696
0.05304738
0.10604172
0.21197739
-0.97059383
0.84845621
-0.11550808
-0.55937729
0.79046427
-0.92467622
0.83530597
-0.29899488
-0.08770012
0.17531255
-0.35044979
0.70054912
-1.40039769
0.97776251
0.04427538
0.08850648
0.17692447
-0.47953692
0.37640715
-0.75243788
0.83345955
-0.3247581
-0.02147234
0.04292321
-0.0858035
0.17152119
-0.34287086
0.68539884
-1.37011229
0.97101784
0.05770417
0.11535064
0.23058593
-1.23128099
0.9231138
0.15308225
-0.14553106
-0.48219922
0.77327644
-1.16450002
0.90398856
0.19116108
-0.67897783
0.76494096
-1.28080591
0.93729714
0.1248429
0.24956095
-1.49710241
0.9992418
0.0015096
0.00301769
0.00603235
0.01205867
0.02410529
0.04818647
0.09632475
0.19255318
-0.69847977
0.77052608
-1.20287614
0.91497901
0.16927883
