-0.741862518
1.244881764
-1.917685158
-0.962317629
1.331875102
-0.8170829
0.743585963
-1.280173167
0.555004181
-0.076886143
0.842846283
-1.050086389
0.992532049
-0.314656087
1.466061576
-1.61357238
-0.480080269
0.997189335
-2.034038346
-1.560020076
0.201774357
1.113258907
-1.866068578
-0.809943472
1.325859915
-1.421913953
0.137876449
1.095383021
-1.058729002
0.711817732
-0.031449534
1.180607043
-1.387745561
0.181451349
0.468995118
0.222637162
0.677274174
0.045755424
1.084118867
-1.167567319
0.879658686
0.055981494
0.900566621
-0.669431425
1.383144271
-1.345021232
0.248406163
0.529035215
-0.349430762
1.257521747
-0.978601366
0.97713909
0.133081125
0.790843191
-1.184901302
0.674038408
0.155118223
0.710373896
0.373405131
0.604152687
-0.599674799
1.337703056
-1.346487515
0.603144928
0.42916742
0.326290509
0.645812851
0.162594361
0.551451867
0.091405526
0.759119771
-0.652498947
1.255777886
-1.06419718
0.662830422
-0.16963299
0.907829306
-1.792882981
-0.613206689
1.280622662
-1.92372702
-1.142341856
0.998472795
-0.492685453
1.045934301
-1.308789179
0.528066392
0.525022151
0.053719729
1.117846422
-1.282805518
0.688526561
0.566466618
0.146315695
0.198611924
0.224428972
0.734105565
0.09486126
0.930359933
-0.968012546
