-1.268103609
1.488887456
-0.113188052
-1.106778594
2.385040811
-0.675346281
-0.010639353
1.019141615
-0.194615118
1.633441402
-1.167448221
0.217246161
-0.672663789
-0.296778866
-0.510561933
1.465883289
-0.433485545
0.118151313
0.50729183
-1.226802982
0.697495314
0.862965977
-0.639584919
-0.222526696
0.836702462
1.319094345
-1.36366474
-0.161693602
-0.493608195
0.096733727
1.072348624
-0.569276899
1.736596897
-0.873817764
2.095509948
-0.605192292
0.009175989
-0.717945927
-0.070537156
0.440672258
-1.644488587
1.564518782
-1.490914226
-0.079992629
0.197416957
0.685564146
-0.32166416
0.784805545
-0.864682834
0.777882787
-0.538724191
-0.309352105
0.000553478
-0.012580698
0.563513365
0.546839213
1.708684621
-0.924342793
0.229086666
-1.149584409
1.567761516
-1.52822511
-0.089572253
-0.620200975
-0.285002774
-0.930041843
-0.705679112
-1.115939859
-0.888741683
0.418740121
-0.190223442
-0.935922238
-0.126204993
0.191106276
-0.939949958
1.525613482
-0.705880544
1.406556608
-0.380974249
1.983322846
-0.352249423
0.089891669
0.433500327
-1.28667889
-0.275116858
-0.291274621
-0.810957044
1.248448195
-0.701166063
0.468952116
0.059064045
-0.766053926
-0.104379615
-1.748822004
0.405515125
0.119914373
-0.941378801
-0.335901057
0.287677315
0.862975521
